247
255
255
251
276
265
265
937
270
270
257
263
267
255
259
253
255
263
269
265
267
265
269
268
269
273
259
267
267
271
251
267
712
269
249
251
267
251
247
271
251
271
271
271
263
249
253
284
249
267
267
267
249
289
269
271
271
909
261
269
257
257
267
269
277
263
273
263
263
261
334
269
273
261
267
284
263
265
374
263
265
261
275
686
281
274
282
263
289
298
286
265
279
259
287
275
286
266
272
288
281
271
273
263
279
272
262
788
281
285
282
268
262
288
299
283
280
281
265
277
261
271
263
275
273
276
268
280
336
278
273
273
1109
261
265
274
291
275
269
276
275
275
271
284
271
287
270
272
269
267
277
367
287
288
266
714
290
297
302
309
284
275
269
296
271
287
288
281
287
304
273
267
274
402
274
321
284
281
281
357
295
302
265
273
283
270
688
267
275
267
284
289
284
288
279
275
280
275
285
272
298
263
286
677
277
269
267
261
261
266
281
344
314
275
267
259
269
281
270
273
267
271
265
261
290
287
269
759
266
269
263
267
257
263
275
304
261
263
263
282
277
297
270
261
281
265
285
276
259
261
269
267
261
980
287
286
271
249
253
265
249
255
251
297
255
265
262
251
244
272
328
249
288
265
279
326
923
284
293
261
294
275
287
268
255
251
257
269
267
253
253
271
255
253
255
255
281
249
269
272
251
734
255
288
265
269
265
263
270
271
267
273
265
249
249
251
255
269
251
273
344
262
276
269
273
652
279
265
265
280
255
269
283
267
268
283
265
296
284
279
273
284
277
279
286
277
283
259
304
304
745
296
259
263
271
261
300
263
261
257
267
281
262
262
287
269
271
268
305
259
270
264
275
301
312
259
676
265
261
264
281
265
279
269
286
271
277
270
266
291
279
272
285
263
275
274
294
277
919
288
281
267
286
285
293
264
271
263
261
265
269
264
286
289
282
289
285
284
285
287
280
267
897
275
273
306
330
274
285
265
267
270
304
269
273
288
269
283
276
340
269
281
314
297
278
287
1028
281
275
296
304
279
284
391
267
263
285
282
294
299
280
264
284
285
275
263
322
278
287
281
692
286
276
277
281
283
300
273
277
277
385
269
287
308
268
302
310
268
304
296
308
263
289
267
954
268
264
270
294
277
271
350
300
260
264
262
263
263
278
258
257
267
265
269
259
296
253
270
264
243
253
866
247
306
314
259
247
263
257
250
257
251
372
249
253
275
259
249
287
253
285
279
259
253
326
680
271
245
378
285
284
268
268
253
249
259
288
249
284
257
326
294
290
253
251
264
363
259
324
849
308
301
253
261
285
300
332
292
350
301
259
314
283
259
297
272
266
270
262
270
266
276
283
1101
267
271
265
293
265
276
276
258
288
327
276
278
258
260
286
263
263
285
283
285
259
259
302
263
276
267
264
270
296
269
376
270
265
782
264
264
268
290
267
382
259
271
253
320
341
282
305
275
267
379
987
286
298
279
346
275
288
280
406
314
283
285
300
295
279
269
302
273
324
274
273
269
834
278
313
354
275
270
278
324
284
296
277
312
272
279
305
273
405
308
383
320
288
348
310
272
800
279
277
271
275
272
266
310
409
313
450
294
281
267
368
269
282
314
328
263
332
286
763
285
271
277
259
261
273
271
281
265
280
266
353
304
279
261
263
285
263
273
261
267
273
269
261
723
283
277
287
282
286
268
266
290
283
269
289
282
284
263
309
288
306
310
276
287
314
284
332
276
1100
314
328
448
288
269
388
251
251
275
263
263
291
381
265
293
306
253
256
249
282
249
265
292
802
253
257
269
334
257
262
259
320
263
259
259
259
275
352
296
304
287
255
265
255
255
253
269
273
255
251
255
751
298
253
261
262
276
288
285
366
253
334
295
296
259
262
284
255
258
405
265
269
279
986
277
267
285
306
277
263
350
265
316
264
270
303
263
273
267
261
273
274
263
338
269
280
264
709
275
344
261
316
301
288
308
261
289
308
299
310
305
290
266
276
331
292
279
277
320
282
271
265
696
269
304
276
303
275
275
265
324
269
277
375
272
271
283
374
279
282
270
286
265
265
267
684
354
259
362
273
257
279
263
269
261
281
316
263
289
283
273
267
314
265
267
267
265
265
267
269
755
265
295
261
308
267
281
265
277
283
273
270
265
274
312
271
281
278
274
274
278
281
305
272
276
263
277
393
278
270
278
708
302
292
297
278
316
277
278
270
276
332
272
280
281
265
295
312
273
283
862
332
293
294
275
289
267
270
268
270
286
267
285
287
286
285
305
270
312
275
275
276
729
267
297
284
275
273
271
273
269
275
279
359
268
272
268
303
267
314
271
346
267
257
257
259
261
298
249
265
306
259
684
255
255
369
259
275
249
273
251
258
272
259
251
257
259
273
277
273
253
251
249
258
301
253
838
247
245
253
286
264
269
271
358
265
289
253
263
318
255
360
257
249
265
269
273
271
249
273
1000
288
275
253
253
263
295
316
263
366
306
268
272
269
273
275
285
298
332
264
280
293
310
265
265
880
265
277
284
287
287
282
281
285
279
274
288
289
288
278
279
283
273
270
286
267
283
267
828
267
265
292
280
263
271
267
283
269
288
281
283
340
283
261
284
271
269
269
267
271
284
296
279
684
292
290
289
287
286
287
350
292
276
292
289
267
290
275
265
303
290
269
263
275
283
269
286
281
684
297
306
277
295
270
292
291
269
279
286
271
289
275
271
274
334
282
271
348
267
269
296
272
267
718
277
280
332
276
288
273
291
270
292
283
265
261
277
308
277
267
284
320
282
278
269
953
279
272
258
286
277
285
286
267
281
281
265
263
278
280
285
279
283
280
266
368
314
263
267
275
403
300
267
952
266
287
271
283
304
261
267
267
312
268
283
281
263
273
300
279
263
326
263
386
806
291
287
314
261
269
257
255
273
281
263
263
255
253
271
269
257
249
259
271
326
255
287
255
257
289
273
265
269
873
257
263
263
253
271
269
255
285
257
259
251
269
257
273
255
259
298
255
264
743
249
259
255
267
249
275
342
257
358
255
257
296
332
253
274
251
261
349
274
271
285
287
306
880
292
267
271
261
269
263
273
269
271
302
283
289
261
278
282
281
281
286
359
263
283
298
286
271
923
265
261
277
281
271
280
277
277
287
282
268
281
285
277
269
264
266
260
266
268
265
273
277
265
285
697
263
268
279
275
263
255
289
280
285
279
271
267
379
271
269
273
300
286
279
306
294
269
795
267
278
291
269
668
267
269
267
284
272
271
289
279
284
279
287
344
279
263
280
267
289
275
684
271
274
267
291
279
282
270
291
277
290
289
271
283
280
284
285
300
269
265
263
265
269
275
310
283
727
267
267
267
285
269
280
259
267
301
269
263
259
273
261
278
270
277
277
259
273
263
261
684
271
280
283
447
269
283
289
273
287
283
358
304
277
316
292
278
338
267
884
271
289
291
269
287
270
289
289
275
279
285
288
263
283
280
279
277
269
520
281
259
288
295
286
253
263
253
261
268
265
259
284
278
267
271
294
275
312
695
259
254
263
322
267
272
265
280
265
271
858
376
263
269
255
267
287
268
281
281
257
251
265
267
276
267
279
261
243
433
267
255
358
265
293
273
253
253
353
267
253
251
301
285
279
290
274
282
269
269
846
271
289
284
263
292
287
284
310
427
336
279
288
312
273
279
978
294
330
273
273
292
257
350
278
275
269
282
338
281
286
291
273
275
264
808
261
271
275
310
294
294
267
263
262
321
284
273
303
382
263
315
271
283
271
334
609
275
281
306
322
287
302
267
276
350
406
284
278
277
287
306
376
476
322
275
281
298
303
311
287
296
295
314
296
322
292
277
915
299
294
267
340
281
295
289
278
284
281
391
271
304
289
295
276
271
284
273
525
285
300
310
312
385
292
280
320
393
328
278
382
276
283
723
407
273
332
260
279
269
278
373
308
283
275
336
287
385
310
271
289
362
283
272
300
288
296
271
295
272
273
268
281
265
267
265
267
273
273
1324
281
310
282
285
268
298
268
332
293
281
283
267
299
281
286
290
611
282
273
327
267
269
295
278
563
197
231
263
271
287
269
832
277
285
289
263
260
262
271
300
262
265
257
249
265
259
310
258
263
277
263
795
263
251
287
259
280
285
294
267
259
300
287
287
302
269
259
704
316
262
257
263
253
270
370
277
267
298
270
298
385
261
273
288
771
261
275
280
275
277
287
532
285
285
284
275
280
281
269
939
263
265
286
299
275
290
278
874
271
293
280
279
268
650
273
267
265
275
296
275
304
308
336
273
266
289
265
299
275
297
695
381
267
270
283
332
285
271
299
389
541
273
882
267
276
297
278
846
290
330
336
275
277
298
540
296
271
275
281
267
350
273
280
320
5266
272
338
283
312
367
356
279
326
1015
338
293
411
377
324
415
292
273
279
278
263
314
271
273
278
284
268
725
287
302
889
274
280
287
227
43
255
668
277
280
261
261
275
273
287
808
271
275
281
286
282
287
269
285
286
346
269
277
279
281
312
275
273
292
267
289
310
265
285
713
308
271
273
282
278
277
279
281
282
381
417
279
338
285
273
271
290
291
285
290
308
277
292
272
911
284
285
277
277
306
273
279
269
282
294
285
271
277
304
285
269
278
293
271
275
278
388
253
271
261
259
297
276
267
286
263
275
273
632
282
253
284
390
267
273
261
261
301
305
260
265
282
322
265
261
308
265
285
304
534
285
262
249
261
294
264
255
276
273
776
271
263
281
263
255
303
256
245
269
261
265
257
257
360
360
336
271
267
267
265
312
274
281
281
452
334
272
285
877
271
279
260
314
266
266
272
269
276
304
320
298
266
304
295
273
279
268
267
856
281
274
288
332
389
274
498
285
286
310
300
275
277
399
271
278
360
490
305
299
291
374
316
277
263
272
368
278
348
395
269
863
279
261
309
268
292
300
282
312
305
340
279
289
286
296
326
542
286
313
318
307
284
279
296
286
282
277
284
300
276
285
294
751
279
281
283
304
278
291
286
314
277
300
285
285
294
300
298
292
275
292
275
283
786
279
294
312
397
273
311
284
334
283
282
301
317
297
281
886
272
267
304
265
299
271
273
289
294
280
305
275
340
271
299
715
283
292
270
278
272
282
305
556
314
324
388
305
1421
287
871
468
265
275
320
281
285
275
295
275
269
284
378
269
295
265
275
284
289
281
265
314
273
278
354
315
350
267
287
278
293
271
267
293
334
229
291
269
279
336
275
273
275
320
267
283
286
270
405
282
265
344
294
271
262
276
285
300
280
264
265
270
279
387
274
267
787
269
300
279
273
269
267
271
202
267
523
279
265
269
281
251
271
245
272
280
273
300
318
261
269
318
473
261
354
295
253
284
304
298
340
288
269
273
263
921
270
534
296
279
290
289
272
954
279
347
5865
272
298
268
296
283
350
304
309
290
290
287
286
563
285
309
767
269
268
272
266
301
276
294
277
263
320
279
267
282
277
272
289
283
271
296
279
692
280
862
303
263
322
180
45
267
284
274
269
283
400
277
289
277
498
357
279
294
273
281
283
291
270
312
373
296
288
273
284
274
293
309
1030
306
293
302
338
266
289
317
278
334
290
375
288
272
280
273
314
269
328
267
273
281
271
292
298
277
292
278
281
273
287
776
288
300
276
277
293
296
289
282
290
294
269
299
311
277
287
268
555
275
302
290
283
375
300
293
279
269
276
285
271
276
259
277
263
379
265
297
283
273
278
298
303
289
279
283
279
263
316
266
263
281
276
263
540
271
273
268
272
295
267
313
275
275
274
273
265
273
281
277
264
263
278
251
247
729
263
253
267
314
269
255
266
271
255
259
257
332
262
251
265
267
275
478
275
289
286
1087
286
256
249
277
253
273
255
276
349
328
278
281
269
296
292
820
291
259
278
253
253
255
271
294
253
251
277
259
257
251
257
251
289
254
253
700
285
261
251
279
273
409
272
309
287
267
269
381
300
301
294
296
344
271
270
311
960
277
267
309
314
282
267
294
273
290
265
279
304
289
265
278
662
285
277
281
263
272
255
265
271
267
289
270
350
278
314
306
312
277
268
314
263
273
263
741
336
271
269
383
300
259
269
284
285
286
304
472
280
284
292
306
309
275
288
295
307
342
286
288
285
830
276
277
293
283
271
318
297
285
326
361
275
279
348
284
457
308
342
275
277
284
359
274
276
284
266
273
271
280
308
1022
290
273
315
281
292
277
277
298
292
292
294
294
292
885
306
263
292
286
296
269
278
282
288
270
272
300
282
280
456
281
872
320
294
270
274
275
271
275
293
288
282
266
287
913
948
263
269
279
263
275
291
324
305
289
267
285
270
271
271
441
290
276
290
287
265
287
284
281
287
283
282
284
269
290
1200
270
263
273
287
285
259
253
533
282
294
283
276
841
279
267
529
275
276
281
284
269
279
278
272
269
272
1091
273
270
284
281
275
273
277
283
267
266
270
275
277
271
282
290
1020
251
285
262
253
271
271
283
275
274
268
271
275
271
289
259
277
295
486
283
275
271
265
276
261
289
282
290
274
271
292
283
294
277
293
389
290
299
263
276
283
297
297
267
275
273
279
285
277
284
269
306
510
280
277
289
283
271
303
262
276
274
285
285
273
267
275
297
288
265
315
291
290
273
287
261
285
293
267
292
287
289
295
271
289
279
269
382
277
287
283
285
267
281
268
308
271
269
264
287
298
265
268
291
680
269
545
263
273
269
268
283
285
269
271
265
337
259
290
267
283
283
286
306
276
285
291
283
271
330
285
283
289
287
905
297
291
292
272
259
269
298
298
298
302
290
301
325
915
302
286
281
284
284
289
310
293
289
293
283
289
563
298
293
269
295
293
290
294
268
294
308
302
289
301
294
299
287
272
399
276
290
284
297
283
289
272
298
296
279
293
284
298
279
286
287
291
489
295
298
281
288
288
297
304
290
296
286
285
299
307
292
289
285
227
292
277
267
279
585
263
267
279
265
274
281
298
271
277
273
266
281
279
273
253
269
282
267
492
270
265
270
259
261
258
276
302
261
258
269
261
255
267
271
305
723
279
263
277
283
263
263
281
271
311
277
257
257
276
273
275
274
747
316
318
275
261
273
273
283
267
290
274
294
279
277
877
292
278
295
291
273
287
289
281
281
286
266
297
295
271
276
285
905
284
279
526
280
271
277
293
281
281
288
287
275
275
263
328
277
287
272
273
285
282
267
276
274
282
267
672
270
281
285
297
275
279
297
275
307
279
298
267
281
288
271
302
1061
45
269
278
298
289
286
279
288
291
273
274
271
295
274
273
283
298
265
275
273
268
267
682
273
269
290
291
274
268
291
289
270
288
285
296
290
291
277
284
287
368
294
294
285
285
298
700
286
284
291
292
296
285
288
290
287
278
270
285
289
274
282
261
277
277
267
259
284
283
259
773
275
267
280
289
275
285
288
283
271
265
263
282
285
277
286
263
284
287
281
284
285
285
277
265
679
278
283
281
282
281
265
277
271
280
277
267
279
283
261
280
271
267
263
281
280
280
285
283
792
378
269
280
285
287
251
269
251
273
264
257
268
254
249
255
251
267
273
259
251
276
275
249
253
664
268
262
269
271
267
261
271
269
279
249
255
269
261
247
271
273
298
273
302
251
294
265
257
263
251
730
272
280
271
271
261
281
263
274
265
259
277
257
261
265
249
257
257
270
279
275
267
285
257
830
267
288
283
279
263
280
290
279
284
282
285
298
286
261
285
283
270
280
281
283
278
282
283
777
282
266
277
271
283
271
261
286
281
287
324
261
261
294
262
266
376
269
269
259
267
265
266
266
265
698
277
265
265
263
276
264
268
286
273
269
288
266
267
271
277
281
273
269
280
285
289
265
278
280
267
844
271
269
271
275
276
277
281
283
271
270
282
271
273
265
263
302
309
286
265
283
283
277
915
290
277
279
286
284
283
281
288
287
277
292
287
287
282
286
279
265
277
276
291
267
292
689
277
285
292
268
265
291
271
271
263
276
283
281
284
284
261
285
271
278
292
283
279
261
288
263
844
279
283
286
289
263
279
282
284
376
282
276
287
283
269
261
272
288
267
289
286
284
283
684
280
272
275
277
273
257
265
284
284
271
263
279
312
281
283
282
249
255
262
255
253
271
253
267
259
682
258
253
363
254
277
275
249
271
251
271
261
271
263
257
279
257
261
249
269
286
255
251
345
780
255
251
273
255
265
269
273
267
274
253
268
268
251
251
262
253
279
267
277
277
630
247
275
251
848
267
253
273
273
271
263
269
292
287
281
290
267
279
277
267
288
281
283
285
280
285
281
826
286
288
263
277
277
284
287
261
281
288
285
265
265
277
279
259
262
278
287
263
277
265
257
285
675
300
271
281
278
274
285
299
280
265
261
275
265
285
269
263
263
271
265
261
268
282
295
302
915
294
295
275
298
289
294
289
291
288
275
289
284
299
292
282
275
291
271
286
285
289
276
293
279
869
293
277
389
287
361
272
293
291
276
272
277
293
288
275
275
312
271
283
316
309
282
283
749
285
269
336
271
271
294
289
294
296
283
294
289
296
272
283
287
283
276
281
287
284
290
277
737
283
281
282
283
287
284
260
266
268
283
267
273
267
277
275
280
279
273
271
267
284
281
269
287
273
675
260
279
271
289
275
268
266
273
305
272
286
303
286
291
279
292
281
285
286
270
275
287
935
263
286
283
283
269
255
282
270
275
249
273
277
285
247
274
276
269
253
295
269
271
261
276
268
678
271
275
271
273
273
272
274
273
271
269
267
274
276
299
257
271
284
253
274
270
271
265
277
953
261
272
274
271
249
273
269
267
273
251
273
277
272
270
268
271
249
275
273
267
281
280
283
265
802
288
283
289
286
281
279
282
264
283
283
285
286
279
265
300
266
268
308
286
280
261
281
285
887
279
286
281
285
283
286
287
273
280
298
287
280
267
269
273
267
304
271
285
287
349
280
269
852
283
274
288
283
281
282
285
263
281
283
260
280
303
278
270
279
291
275
282
293
279
278
280
939
267
279
267
282
263
283
271
293
276
282
287
281
290
283
279
267
280
284
261
277
281
300
263
287
745
283
280
280
287
289
288
287
285
278
263
259
279
289
288
270
279
297
286
269
265
267
271
263
688
271
276
286
291
312
273
279
286
285
287
292
289
294
290
285
269
288
267
291
294
286
285
286
883
269
273
286
271
283
269
267
294
269
283
283
288
265
273
287
286
273
287
290
271
285
287
274
996
387
285
292
289
283
265
288
285
281
288
274
273
275
294
241
301
286
247
267
292
272
274
280
300
549
275
265
276
274
286
275
281
277
277
275
278
263
274
267
279
253
271
281
498
292
282
288
286
273
272
274
282
269
273
283
265
279
265
271
281
279
512
269
272
255
263
278
285
269
278
280
271
283
281
269
257
253
265
267
279
425
277
292
265
298
296
286
275
281
288
275
271
265
278
284
280
284
1000
302
294
297
277
281
275
283
312
282
276
293
285
278
541
304
284
301
265
286
290
268
286
285
293
285
286
287
415
547
278
293
274
265
280
304
281
295
543
275
286
293
274
265
342
277
266
274
281
338
284
275
275
314
289
285
273
299
305
268
367
285
291
271
885
282
295
309
281
303
287
277
306
288
994
292
304
289
288
308
300
293
291
314
293
273
296
284
275
277
280
277
747
273
306
275
293
277
280
280
279
275
314
298
284
305
275
280
296
287
524
277
286
344
267
318
302
265
296
266
279
283
299
300
274
281
271
285
272
556
264
283
260
300
287
287
259
293
287
267
275
275
277
276
274
277
292
300
736
269
271
291
259
283
259
269
284
288
283
278
271
269
281
296
322
278
283
274
745
280
452
305
281
302
263
276
282
249
269
257
261
272
249
269
257
301
263
251
470
269
267
261
323
330
277
267
269
265
252
263
258
287
247
267
255
285
251
963
251
255
306
266
318
253
253
259
251
286
269
366
251
279
267
249
268
259
255
535
257
288
272
281
255
295
269
283
259
273
253
255
288
277
288
277
267
644
270
277
266
267
271
277
280
287
277
277
290
270
267
318
284
286
268
259
263
494
298
367
265
287
275
286
308
277
326
306
275
284
263
281
269
385
262
751
265
306
308
261
281
296
272
289
265
265
277
261
273
268
302
263
277
261
678
267
297
300
643
267
283
311
265
308
271
276
276
271
288
266
296
330
734
317
277
276
295
292
273
272
268
284
275
270
305
277
271
288
267
289
265
291
283
283
283
840
271
287
272
312
275
271
285
307
279
279
263
294
270
272
288
654
277
272
305
275
298
290
350
281
269
332
407
280
269
278
259
269
285
277
589
286
295
286
266
259
278
273
263
287
278
269
267
267
332
265
298
319
476
275
332
269
288
265
278
286
265
273
265
263
272
285
275
277
282
290
265
579
281
304
265
265
280
275
271
257
286
263
274
269
267
285
269
263
318
322
559
255
267
294
299
267
273
277
257
253
257
257
259
249
271
255
251
257
265
304
494
263
255
304
259
251
282
293
297
257
282
259
292
255
260
330
274
259
283
251
874
279
258
341
303
253
273
264
283
255
251
265
251
255
267
257
273
267
758
295
271
262
282
332
275
267
312
263
278
374
289
259
279
283
383
265
277
674
287
261
267
286
263
267
260
291
289
284
281
281
275
269
274
274
279
848
263
288
275
292
291
282
277
279
288
298
280
291
273
267
281
290
553
265
285
287
272
259
275
270
287
270
283
304
366
276
279
280
296
279
390
575
271
291
279
288
267
299
298
297
284
280
310
270
281
282
286
292
275
604
274
269
293
269
283
295
300
299
284
289
273
279
275
411
301
299
279
893
294
268
288
289
275
312
296
293
268
271
281
300
282
272
294
310
291
801
282
281
274
275
348
267
275
312
290
265
271
300
274
267
276
265
273
270
448
282
288
293
265
266
266
316
280
291
373
263
312
276
302
269
267
320
964
276
299
289
267
271
275
367
266
286
265
273
258
265
280
266
303
263
824
286
267
278
265
285
316
279
272
271
288
265
263
281
279
285
262
270
253
665
253
257
282
270
261
300
261
263
273
277
265
263
309
281
278
257
305
269
686
284
259
259
280
283
261
275
277
278
261
280
263
259
304
249
284
374
259
532
264
257
277
270
265
263
286
261
262
259
266
277
262
276
274
255
263
280
259
920
272
267
275
271
296
269
285
265
266
299
277
305
269
284
312
271
405
266
267
275
401
268
267
282
312
269
278
324
267
279
265
294
293
271
298
901
273
301
274
385
281
301
289
265
287
312
273
374
318
294
291
923
283
295
287
288
316
290
287
872
291
270
275
278
284
277
276
563
293
279
272
275
278
342
294
342
257
269
267
273
265
263
269
283
269
308
757
320
286
271
324
317
270
265
267
279
282
284
293
270
292
267
265
310
293
897
290
269
285
334
269
284
261
324
300
275
300
280
267
269
293
267
267
266
263
571
269
305
269
326
267
295
292
279
273
276
293
288
297
275
272
284
942
291
371
294
285
654
285
288
290
272
277
268
280
297
271
289
285
319
276
267
273
732
289
280
290
304
279
281
279
269
302
302
267
304
274
364
288
482
287
296
294
279
282
286
281
278
283
268
273
281
247
265
263
280
259
263
530
281
281
274
334
253
314
265
266
259
257
260
263
282
263
277
818
257
241
278
267
271
249
267
267
263
263
259
269
241
273
265
265
251
509
277
257
251
270
288
267
257
257
271
282
288
275
273
291
279
267
605
330
285
283
291
284
271
284
280
285
291
270
306
288
267
287
915
286
285
276
261
280
285
283
280
279
295
285
279
304
292
299
299
274
822
267
286
273
261
290
277
284
286
296
288
284
285
271
277
302
514
271
288
323
306
296
302
310
386
297
279
267
274
290
267
281
273
283
1024
312
281
334
340
280
275
279
311
652
291
291
275
306
284
281
275
279
280
431
310
287
272
316
326
281
318
272
280
310
291
276
302
273
275
299
967
318
338
314
283
273
322
286
316
276
286
282
308
289
265
306
273
332
276
784
273
293
281
312
306
304
283
275
288
334
305
263
262
284
271
868
272
300
283
278
267
267
315
265
311
290
279
267
271
302
267
297
305
259
295
670
308
277
290
319
268
296
288
403
278
263
275
294
273
275
274
1014
281
316
296
277
269
273
277
368
269
263
354
306
265
297
270
277
558
265
290
281
279
383
274
275
308
277
251
268
251
242
253
259
271
277
940
255
259
268
292
284
269
259
255
262
253
268
292
259
265
369
274
253
251
613
260
263
284
261
263
259
259
259
275
251
259
259
261
298
267
261
302
288
263
755
271
251
265
265
253
276
279
275
270
256
271
259
294
284
292
263
271
265
291
474
275
294
326
306
310
265
322
296
271
293
267
273
294
276
279
277
771
263
369
277
286
265
267
269
275
270
280
285
285
278
292
269
294
292
894
279
279
283
281
274
269
284
290
314
292
261
265
276
277
307
292
284
1016
292
282
269
269
330
289
318
303
276
284
267
294
278
282
269
269
273
405
291
283
275
285
288
652
379
274
271
273
283
295
332
283
270
1113
271
277
287
401
274
271
277
286
294
267
324
273
285
319
277
276
288
1016
280
287
286
277
270
286
269
273
273
346
445
330
281
287
310
285
271
953
261
269
292
297
298
304
312
358
279
283
266
279
265
265
312
284
261
274
571
320
277
273
267
259
299
306
284
284
265
338
288
267
278
267
895
289
285
269
281
279
276
279
334
265
290
286
263
280
300
266
294
271
368
283
272
308
282
280
275
281
269
322
267
281
261
268
258
265
255
974
264
259
268
259
276
349
265
267
253
259
263
272
278
297
261
271
1000
258
262
273
277
277
272
253
276
255
290
255
299
267
285
272
255
326
262
289
256
694
302
259
253
277
277
349
269
288
324
282
348
295
259
280
330
267
269
257
279
483
300
271
269
300
259
277
262
284
283
273
289
330
275
401
340
273
296
267
267
814
267
272
285
346
312
279
386
290
277
263
273
316
265
273
283
287
755
334
316
262
368
285
276
272
267
275
322
271
261
265
942
269
271
285
276
288
270
376
332
288
275
266
348
282
277
280
285
297
1010
314
284
284
299
277
279
288
288
283
287
307
273
393
330
307
281
266
336
852
297
293
294
292
287
304
314
294
306
348
324
271
281
311
280
656
281
280
454
328
294
293
288
273
308
277
312
293
315
346
293
288
310
294
288
273
288
318
278
277
640
635
340
282
298
275
305
276
271
274
284
273
947
330
283
261
312
294
271
319
296
322
277
281
275
278
276
308
287
1114
299
279
267
287
263
266
285
283
285
310
273
282
309
277
276
275
278
304
789
310
287
322
272
267
286
294
275
269
261
286
296
274
253
285
257
314
255
692
255
263
261
274
287
269
273
282
270
271
278
277
376
277
274
304
257
583
260
281
259
272
257
273
257
266
253
264
255
350
255
332
262
294
261
262
943
260
257
283
265
362
267
257
261
265
270
263
261
251
254
257
259
263
304
994
253
265
297
273
273
276
279
287
331
308
282
373
269
267
340
276
297
283
307
852
267
269
274
376
273
273
289
292
312
265
269
265
285
349
292
306
304
690
315
301
269
272
299
299
262
291
273
296
287
275
276
285
324
326
761
279
271
286
265
338
278
284
283
302
280
295
275
267
289
280
279
276
919
277
292
316
284
264
267
273
270
326
257
287
280
263
304
275
281
719
286
259
288
274
281
286
288
288
262
296
276
300
295
318
263
286
636
306
272
261
294
294
279
294
298
275
283
297
286
654
279
280
288
271
276
285
277
302
271
266
284
294
296
277
287
913
275
306
278
267
279
280
284
275
281
317
328
283
322
285
265
320
320
852
278
279
282
274
277
275
301
295
332
304
275
282
273
280
269
308
294
263
283
287
735
280
277
288
271
328
280
275
287
287
285
350
298
285
275
283
281
287
287
284
278
264
281
288
273
280
265
271
259
259
257
257
296
796
279
257
300
340
277
276
258
269
269
326
255
270
282
326
263
305
257
271
341
293
299
312
257
265
828
267
286
255
266
328
272
284
310
273
358
344
261
259
872
383
379
288
265
267
297
261
255
259
273
278
281
277
308
601
281
290
273
273
304
297
287
277
296
296
294
310
277
267
265
263
476
284
283
291
280
280
277
273
271
286
283
336
281
286
269
284
293
268
349
822
295
276
269
261
269
287
271
270
292
310
281
271
273
272
289
265
287
902
266
289
302
387
318
273
292
310
407
285
294
285
269
289
711
276
340
351
446
298
297
377
341
285
280
322
279
294
284
285
382
277
318
834
285
287
279
306
275
314
278
270
279
318
275
279
271
283
278
279
314
549
277
287
293
294
301
285
287
278
309
284
274
288
298
332
291
301
324
291
398
342
351
312
338
277
427
318
296
314
350
287
290
342
266
263
318
281
275
310
284
295
301
285
332
282
325
278
314
285
1272
265
261
305
315
273
789
275
294
269
283
340
330
336
403
338
271
274
273
287
300
275
278
308
638
290
741
275
261
286
341
271
265
301
259
295
306
287
287
1009
288
253
302
274
269
304
253
289
259
267
383
298
262
269
296
429
265
263
259
303
259
267
274
259
275
280
332
261
259
261
251
336
347
332
287
261
314
300
334
294
660
295
300
258
846
298
286
318
261
322
265
259
257
259
599
318
256
288
281
269
268
279
275
276
287
275
304
277
376
271
296
826
275
286
318
265
265
271
287
271
263
283
273
287
293
314
277
263
285
338
294
284
257
310
729
274
280
290
265
273
271
269
265
287
306
274
310
273
304
349
265
268
332
263
283
865
286
286
294
267
266
276
282
302
419
288
284
275
281
283
907
297
266
304
280
286
340
277
291
290
275
286
285
277
293
346
312
830
284
326
285
292
285
270
281
287
293
300
296
270
276
287
282
302
295
1116
285
275
269
389
283
279
269
286
289
270
307
287
464
288
377
279
267
283
292
316
278
338
263
275
268
294
268
306
415
279
778
268
304
267
279
269
263
279
311
285
320
338
320
303
261
288
269
361
284
273
417
276
353
269
269
284
310
279
300
273
293
269
277
696
269
292
322
312
278
261
279
278
269
282
275
281
272
320
318
306
388
270
308
268
313
575
309
273
288
363
310
274
267
257
268
263
302
261
253
646
251
255
265
267
255
259
268
259
273
267
262
255
251
281
269
259
273
927
288
284
267
249
259
249
298
253
254
263
287
274
261
262
275
272
397
255
284
259
265
269
281
267
279
261
269
271
293
322
267
282
273
276
539
275
257
282
281
281
276
275
328
295
270
276
283
319
292
259
357
296
279
1000
338
279
283
267
265
346
308
277
277
298
285
271
266
276
285
272
506
274
291
262
281
302
276
263
263
285
273
279
290
281
265
285
277
311
618
279
343
279
302
282
279
386
326
375
393
287
328
316
287
285
329
280
1108
300
280
277
310
295
301
273
377
320
285
282
302
324
279
305
276
282
282
555
282
310
400
312
320
306
282
316
296
406
285
279
286
287
295
292
276
294
288
285
496
288
275
310
280
316
328
271
277
271
284
273
283
259
887
261
306
278
291
283
276
295
264
275
275
268
275
318
285
273
312
294
267
257
275
807
265
269
294
263
356
275
267
311
281
270
285
313
287
275
271
549
273
267
285
293
292
290
295
304
332
308
268
277
276
277
316
274
341
308
1049
269
279
263
279
269
251
261
267
273
258
382
275
263
284
282
287
314
253
290
342
265
1019
356
257
304
283
332
284
272
261
292
267
284
267
283
261
255
285
861
294
300
293
261
260
265
273
305
278
273
279
279
263
263
275
292
591
261
257
277
257
257
313
265
281
261
273
258
303
296
328
277
272
298
281
761
279
266
301
309
288
359
287
273
307
267
348
283
291
379
270
290
759
308
332
328
286
245
239
245
241
233
336
278
273
253
241
259
232
249
255
257
303
729
235
283
237
239
247
265
255
245
277
280
277
255
247
263
241
255
364
632
237
282
253
292
297
292
241
241
253
290
243
269
310
267
245
249
952
245
275
266
261
237
243
245
957
273
241
257
255
237
249
251
239
253
307
243
261
239
235
261
241
238
237
243
279
289
247
780
251
257
253
279
283
243
249
251
237
239
332
237
253
278
249
237
318
243
259
257
319
243
259
257
757
279
344
409
276
273
295
285
251
251
249
283
247
296
265
998
253
269
247
299
257
249
251
253
275
283
247
286
294
322
255
247
263
259
269
301
273
284
295
241
842
285
292
324
328
249
259
380
287
300
444
840
253
243
255
255
251
681
382
227
229
245
259
247
257
240
231
272
260
247
245
263
243
267
276
245
232
243
229
520
237
232
272
324
229
229
230
285
236
251
237
237
251
233
253
369
241
226
229
231
550
725
239
241
247
241
246
280
236
231
235
352
241
243
990
249
312
229
247
289
307
298
245
277
247
285
249
257
244
390
240
247
285
235
255
951
259
255
249
235
298
247
253
344
247
235
243
245
243
237
286
233
280
278
237
579
239
283
243
239
234
267
298
237
247
311
275
249
257
258
259
259
332
280
314
253
255
257
241
247
237
265
243
257
343
314
243
775
312
281
332
285
253
263
243
261
298
239
284
308
281
241
751
261
306
251
245
235
247
259
244
249
251
267
253
251
243
239
305
281
261
664
249
237
251
269
247
257
263
269
251
376
253
295
283
253
251
260
257
249
287
295
895
288
271
296
285
358
285
249
249
243
259
253
235
278
239
254
233
247
239
255
925
241
241
241
265
267
255
231
245
246
247
237
255
344
307
241
249
249
251
268
241
251
237
239
253
715
255
247
269
231
253
257
245
277
241
255
233
274
236
282
305
247
257
249
609
1081
291
334
245
257
279
281
262
251
340
257
237
255
261
241
227
235
237
235
233
224
239
243
284
235
239
249
249
237
253
232
227
685
231
230
249
228
229
236
229
271
301
245
577
323
237
247
231
225
272
276
263
233
239
247
238
226
282
239
239
228
275
231
240
265
228
892
240
259
231
229
314
271
239
241
249
249
319
245
251
237
263
232
279
265
269
251
603
257
241
234
241
272
237
251
247
237
245
249
278
239
242
244
253
231
254
278
235
245
965
241
235
281
241
233
245
257
235
268
243
225
267
247
245
278
265
277
243
239
965
259
236
255
239
253
245
251
260
251
259
271
310
247
290
290
249
247
247
846
253
251
282
281
247
256
243
253
245
240
243
262
278
237
245
295
238
253
241
252
247
753
604
249
249
265
249
286
259
239
241
253
259
237
267
235
251
342
247
251
241
243
251
257
730
249
269
257
284
255
225
243
237
241
247
245
231
247
237
241
261
241
262
243
816
241
233
253
249
237
234
306
253
237
235
247
239
240
273
247
235
235
274
269
235
241
235
753
233
241
253
231
247
235
243
257
235
241
245
281
278
233
294
233
283
237
255
239
247
976
298
279
242
277
342
318
229
249
243
223
249
273
239
223
255
227
225
241
225
233
221
480
243
320
247
241
259
243
225
247
247
247
229
249
245
247
233
247
223
241
235
227
644
243
260
233
271
229
232
253
225
233
226
239
251
233
239
233
235
290
225
226
291
229
225
261
648
261
263
233
269
247
246
270
249
254
235
241
233
237
249
235
241
233
240
255
253
787
273
239
259
245
241
247
251
253
251
259
253
251
254
259
254
259
255
247
245
846
253
243
244
231
253
320
261
245
234
253
263
233
235
255
259
237
271
251
259
621
235
249
235
245
243
261
263
261
266
269
269
293
261
269
334
247
247
247
247
875
262
249
297
353
247
259
257
253
243
243
259
251
249
265
628
263
263
960
263
269
279
253
263
246
261
261
257
245
243
267
263
259
293
263
263
266
966
245
259
263
263
251
255
240
267
249
243
253
233
239
237
259
237
310
269
262
255
567
245
257
234
253
281
257
253
265
245
263
249
247
259
237
253
255
250
247
261
514
254
254
239
261
243
239
257
235
253
283
243
239
239
243
257
251
269
260
253
270
595
237
263
251
253
255
257
257
283
255
247
262
253
247
245
261
231
247
249
245
477
253
255
231
225
227
251
231
247
249
239
251
249
227
256
251
225
235
239
253
796
245
247
223
239
231
233
239
247
243
249
243
231
247
241
233
247
243
245
251
237
784
245
231
229
231
273
229
289
318
239
273
249
267
251
245
247
231
264
237
239
247
660
253
263
239
259
268
361
261
237
270
349
243
267
257
257
257
265
255
243
668
275
249
255
237
275
239
237
247
272
238
237
274
235
263
245
251
259
241
255
237
273
877
237
243
267
275
259
257
237
241
249
245
249
240
259
260
313
233
235
261
257
229
980
263
251
237
262
288
257
259
259
259
251
261
264
243
265
257
261
241
243
378
938
247
271
237
241
263
257
251
247
251
259
235
275
263
239
239
255
261
263
259
443
261
238
241
231
241
253
273
239
233
257
257
253
257
257
253
247
251
259
231
674
259
255
259
255
257
241
245
239
249
257
245
261
247
259
247
267
259
247
273
856
265
257
255
267
263
263
259
241
269
259
249
267
259
261
261
261
261
249
229
462
241
258
243
241
275
243
255
262
275
265
263
259
247
251
261
251
252
261
251
264
266
266
249
271
261
229
233
241
249
255
496
247
249
243
249
255
247
253
229
257
243
247
255
251
233
245
247
245
253
251
481
245
257
249
249
241
269
253
245
249
253
249
245
241
224
247
249
239
229
866
227
254
243
247
238
233
233
227
263
227
251
245
257
239
253
243
268
245
872
253
259
267
257
261
245
241
263
265
263
259
244
259
275
251
257
261
260
836
255
255
259
271
259
237
231
263
241
267
274
243
247
257
255
256
263
247
257
719
249
257
233
233
251
247
257
259
232
249
259
259
261
243
257
251
257
255
462
255
255
247
249
241
253
269
259
263
273
258
259
273
247
247
235
243
249
255
462
266
263
255
261
249
255
241
261
259
245
284
297
243
255
265
259
247
278
241
966
291
263
267
243
255
253
280
257
251
279
247
246
249
267
248
259
270
249
522
262
257
259
253
261
263
264
257
263
257
255
257
255
259
257
241
260
261
587
263
243
241
247
237
253
253
257
247
257
249
253
240
255
247
255
251
257
257
466
249
251
257
253
235
269
258
239
239
263
253
277
245
253
246
235
233
235
253
685
259
251
259
251
257
245
245
255
241
259
233
243
259
259
237
251
253
251
737
247
247
247
249
253
251
233
253
255
245
235
251
255
223
269
253
249
229
229
455
243
245
255
245
226
229
245
229
255
249
239
229
224
229
229
251
223
915
235
249
235
249
243
249
247
243
253
245
279
239
251
233
230
243
251
253
804
257
233
251
235
241
253
273
259
265
253
251
257
255
257
253
261
251
249
921
245
243
245
233
235
245
263
256
259
239
232
257
273
247
231
235
261
259
261
254
482
263
253
255
241
257
253
257
265
249
255
253
255
255
247
271
238
257
237
666
243
257
247
259
263
255
251
259
239
257
259
263
261
267
261
271
261
253
243
471
257
261
255
271
245
259
265
261
245
261
253
243
239
266
243
255
275
646
258
257
259
255
257
263
249
259
258
269
257
272
267
255
249
257
257
257
265
482
243
235
251
249
253
247
264
259
270
255
267
267
259
259
261
261
249
231
802
259
261
251
249
247
253
259
259
247
254
253
245
235
261
255
249
249
259
864
269
261
253
251
233
284
257
237
261
237
257
275
253
243
237
259
259
239
770
243
234
259
259
231
251
251
255
254
253
241
261
245
251
259
239
263
265
253
531
245
263
251
226
233
253
260
249
230
245
243
233
243
223
245
234
245
253
249
563
245
246
243
249
277
251
245
241
243
225
223
245
239
241
249
243
239
237
235
524
253
245
259
245
241
251
245
251
247
243
243
253
259
247
243
243
243
249
530
278
243
247
249
253
241
247
267
239
251
257
251
257
253
251
237
241
241
251
237
808
259
253
239
275
235
255
243
244
257
237
234
260
249
229
257
255
259
253
237
447
257
251
255
249
258
249
251
255
255
249
253
253
249
253
263
249
251
259
895
235
239
269
281
239
231
241
247
259
239
253
271
241
245
245
265
350
267
251
283
265
783
306
239
265
267
251
249
283
249
259
247
247
257
241
251
269
249
253
245
257
257
1128
259
259
255
243
243
269
249
261
247
267
243
289
253
247
239
274
265
253
263
668
253
240
271
277
265
257
276
267
256
263
265
267
259
259
261
236
257
255
239
237
743
261
247
259
253
259
257
237
235
231
253
245
239
257
255
257
255
267
258
255
948
253
237
237
238
255
253
255
257
251
255
233
255
247
239
241
237
269
261
265
247
443
235
284
239
242
251
257
259
261
253
255
233
245
245
239
249
253
247
247
259
433
247
226
257
249
245
243
251
247
253
249
227
253
233
239
229
237
227
257
229
247
678
235
231
234
245
245
249
231
241
233
237
229
251
233
249
229
241
231
231
263
233
676
233
239
251
247
241
257
253
255
336
249
231
257
239
249
278
255
259
239
257
255
494
268
265
239
253
255
257
249
257
281
235
265
235
287
247
233
259
237
236
249
232
692
249
235
251
251
241
247
233
243
241
241
247
235
245
239
267
265
243
243
243
253
249
964
280
257
241
235
245
239
249
253
251
247
235
278
276
295
257
258
260
239
243
251
255
882
241
241
233
245
237
243
249
251
243
237
241
240
241
255
237
239
236
261
239
251
259
237
743
239
241
257
277
259
253
253
277
234
249
272
274
239
255
302
262
285
280
591
255
249
245
259
265
237
245
263
267
237
236
238
354
239
265
239
239
364
249
257
249
725
245
241
241
261
275
247
253
247
281
257
305
243
288
259
277
247
247
282
245
298
279
243
721
253
237
245
241
254
281
243
265
239
310
286
251
282
251
246
241
241
241
280
249
263
239
275
512
247
258
263
253
267
253
249
249
251
245
245
248
221
236
225
253
233
223
225
632
251
256
237
247
235
243
229
229
223
253
223
257
265
219
253
231
259
221
721
289
228
237
232
230
234
241
243
243
229
231
263
237
289
237
255
249
235
226
240
583
231
261
235
247
241
253
227
227
237
229
356
233
241
237
239
265
229
259
243
253
239
732
240
235
247
259
241
245
245
255
253
283
287
255
251
237
257
247
271
261
238
253
237
646
257
239
247
251
237
338
273
237
265
239
263
259
255
243
312
235
261
242
233
648
265
237
239
237
241
236
243
245
249
241
239
247
243
277
257
243
261
253
257
265
237
589
243
241
255
330
245
263
249
245
259
241
241
243
243
255
265
263
239
239
299
241
287
286
749
289
259
245
241
271
269
247
344
241
243
266
251
243
253
320
243
247
555
247
255
255
232
263
271
238
263
247
247
251
243
249
276
249
275
253
245
254
251
245
553
235
249
233
249
357
255
278
247
247
268
253
243
234
237
249
346
241
247
233
251
253
237
234
899
245
280
243
249
245
287
235
239
235
241
264
239
262
241
239
239
241
249
237
240
718
247
237
233
251
290
255
251
258
245
247
240
245
277
239
251
229
255
235
241
249
251
551
255
243
251
233
237
260
245
229
253
243
253
233
235
228
229
233
247
249
253
243
500
232
223
249
229
231
231
241
229
229
229
237
243
277
267
231
249
255
255
253
243
243
587
235
239
245
243
257
235
245
249
260
229
235
233
260
243
255
243
235
265
251
249
529
253
247
271
251
265
247
256
245
267
247
283
253
232
255
251
245
235
255
241
243
247
641
233
266
243
241
235
249
253
241
263
260
480
255
241
266
354
259
268
247
583
237
257
251
261
255
251
245
259
739
255
241
271
253
232
251
251
301
245
717
365
245
239
247
255
253
255
241
245
239
247
251
243
263
247
243
239
239
241
249
249
852
239
239
251
243
243
273
249
271
286
257
241
273
263
304
261
235
237
261
257
247
249
650
261
259
265
245
243
263
239
239
259
249
289
254
273
247
278
257
290
255
249
267
244
545
265
249
240
257
241
253
255
259
241
243
255
243
255
245
251
263
281
253
251
857
257
253
263
277
265
297
255
253
257
261
249
257
275
239
270
269
241
259
281
237
238
652
234
235
245
279
232
247
235
381
249
237
268
235
267
257
241
245
255
235
232
234
903
237
230
243
225
235
245
251
245
233
235
229
241
231
237
243
245
257
251
225
225
733
245
233
229
247
232
263
241
262
229
235
223
230
233
257
227
247
241
237
241
225
245
239
793
238
245
231
245
226
235
229
231
231
224
227
230
241
231
249
243
289
271
249
818
232
251
261
320
229
259
251
239
239
253
255
259
257
253
245
257
245
237
255
608
241
272
255
257
261
240
253
243
255
235
237
320
255
249
265
239
243
278
312
245
271
260
662
241
235
253
251
255
239
249
251
261
249
243
255
235
261
257
247
261
710
263
247
265
241
255
271
265
259
257
247
245
247
251
267
267
247
265
251
265
243
241
664
247
255
247
253
251
255
251
271
255
247
261
251
257
243
249
273
249
249
247
692
265
294
261
247
249
243
268
242
259
245
268
239
336
255
281
255
271
269
243
253
249
974
243
242
243
337
258
284
243
275
247
255
243
241
271
290
249
257
237
237
241
234
239
678
247
237
245
256
243
236
249
235
245
245
235
243
349
239
233
247
241
243
262
245
257
737
234
235
247
249
249
237
295
255
245
265
243
263
235
281
253
324
235
266
235
229
231
608
229
287
233
220
249
238
253
224
270
233
286
